./merge_sort.exe 
Array 0 - Unsorted data: 553 741 987 956 195 627 527 535 489 124 823 631 475 752 988 261 711 481 422 345 42 975 997 675 487 605 11 526 734 180 126 639 
Kernel execution time: 0.025600 ms
Array 0 - Sorted data: 11 42 124 126 180 195 261 345 422 475 481 487 489 526 527 535 553 605 627 631 639 675 711 734 741 752 823 956 975 987 988 997 
Array 1 - Unsorted data: 524 956 840 558 112 776 366 742 126 560 566 562 404 868 304 644 642 813 915 30 743 327 15 252 367 923 98 104 381 454 401 905 
Kernel execution time: 0.021504 ms
Array 1 - Sorted data: 15 30 98 104 112 126 252 304 327 366 367 381 401 404 454 524 558 560 562 566 642 644 742 743 776 813 840 868 905 915 923 956 
Array 2 - Unsorted data: 946 211 545 836 789 30 793 554 532 786 960 844 723 60 917 390 970 252 719 970 558 687 332 847 387 296 352 788 627 139 423 925 
Kernel execution time: 0.021504 ms
Array 2 - Sorted data: 30 60 139 211 252 296 332 352 387 390 423 532 545 554 558 627 687 719 723 786 788 789 793 836 844 847 917 925 946 960 970 970 
Array 3 - Unsorted data: 691 674 700 873 990 507 469 279 452 385 464 890 707 895 404 527 813 340 860 617 103 276 160 241 184 24 116 217 267 702 659 310 
Kernel execution time: 0.021504 ms
Array 3 - Sorted data: 24 103 116 160 184 217 241 267 276 279 310 340 385 404 452 464 469 507 527 617 659 674 691 700 702 707 813 860 873 890 895 990 
Array 4 - Unsorted data: 485 644 449 114 304 989 928 87 287 993 55 276 129 245 253 740 306 897 823 570 937 259 99 907 865 35 603 402 160 278 490 997 
Kernel execution time: 0.021440 ms
Array 4 - Sorted data: 35 55 87 99 114 129 160 245 253 259 276 278 287 304 306 402 449 485 490 570 603 644 740 823 865 897 907 928 937 989 993 997 
Array 5 - Unsorted data: 573 462 425 742 368 785 540 181 605 842 359 520 205 801 554 219 433 972 757 325 605 665 341 256 200 278 9 941 545 492 723 118 
Kernel execution time: 0.021600 ms
Array 5 - Sorted data: 9 118 181 200 205 219 256 278 325 341 359 368 425 433 462 492 520 540 545 554 573 605 605 665 723 742 757 785 801 842 941 972 
Array 6 - Unsorted data: 802 65 485 947 764 30 809 224 595 499 306 389 709 187 219 617 447 642 84 602 988 25 567 306 755 318 599 589 714 770 302 516 
Kernel execution time: 0.021504 ms
Array 6 - Sorted data: 25 30 65 84 187 219 224 302 306 306 318 389 447 485 499 516 567 589 595 599 602 617 642 709 714 755 764 770 802 809 947 988 
Array 7 - Unsorted data: 899 849 539 258 229 7 373 193 14 722 201 407 883 288 249 377 381 708 897 381 761 106 572 885 279 564 194 995 543 717 276 442 
Kernel execution time: 0.020480 ms
Array 7 - Sorted data: 7 14 106 193 194 201 229 249 258 276 279 288 373 377 381 381 407 442 539 543 564 572 708 717 722 761 849 883 885 897 899 995 
Array 8 - Unsorted data: 927 991 262 127 716 252 364 252 627 222 560 253 270 30 69 582 945 348 256 723 310 631 261 754 688 173 274 553 373 589 856 300 
Kernel execution time: 0.021504 ms
Array 8 - Sorted data: 30 69 127 173 222 252 252 253 256 261 262 270 274 300 310 348 364 373 553 560 582 589 627 631 688 716 723 754 856 927 945 991 
Array 9 - Unsorted data: 720 262 630 358 982 232 448 95 974 462 489 964 733 444 859 753 809 804 665 663 494 260 320 508 547 506 60 700 15 455 3 735 
Kernel execution time: 0.021504 ms
Array 9 - Sorted data: 3 15 60 95 232 260 262 320 358 444 448 455 462 489 494 506 508 547 630 663 665 700 720 733 735 753 804 809 859 964 974 982 
Array 10 - Unsorted data: 235 344 546 2 700 495 536 583 342 769 535 605 805 323 817 480 71 942 380 825 4 40 493 221 137 342 308 313 131 20 853 718 
Kernel execution time: 0.021440 ms
Array 10 - Sorted data: 2 4 20 40 71 131 137 221 235 308 313 323 342 342 344 380 480 493 495 535 536 546 583 605 700 718 769 805 817 825 853 942 
Array 11 - Unsorted data: 257 385 278 373 962 352 550 864 505 489 24 98 798 847 622 14 157 787 472 895 719 446 43 739 908 863 386 465 581 537 602 191 
Kernel execution time: 0.022272 ms
Array 11 - Sorted data: 14 24 43 98 157 191 257 278 352 373 385 386 446 465 472 489 505 537 550 581 602 622 719 739 787 798 847 863 864 895 908 962 
Array 12 - Unsorted data: 47 288 995 298 575 184 927 151 959 401 425 298 119 925 826 253 965 662 774 961 8 645 944 160 404 805 53 979 795 136 363 843 
Kernel execution time: 0.020480 ms
Array 12 - Sorted data: 8 47 53 119 136 151 160 184 253 288 298 298 363 401 404 425 575 645 662 774 795 805 826 843 925 927 944 959 961 965 979 995 
Array 13 - Unsorted data: 61 510 427 100 486 657 459 894 157 997 295 912 821 16 631 564 76 992 157 293 455 340 356 518 159 999 112 923 30 367 179 443 
Kernel execution time: 0.020480 ms
Array 13 - Sorted data: 16 30 61 76 100 112 157 157 159 179 293 295 340 356 367 427 443 455 459 486 510 518 564 631 657 821 894 912 923 992 997 999 
Array 14 - Unsorted data: 523 128 558 928 119 217 309 83 448 413 155 594 20 788 980 439 941 942 1 77 242 633 66 758 816 951 624 414 405 379 175 280 
Kernel execution time: 0.021504 ms
Array 14 - Sorted data: 1 20 66 77 83 119 128 155 175 217 242 280 309 379 405 413 414 439 448 523 558 594 624 633 758 788 816 928 941 942 951 980 
Array 15 - Unsorted data: 32 581 377 17 68 926 344 130 975 740 977 245 162 256 474 675 829 497 282 413 607 101 490 478 448 9 186 25 203 799 211 588 
Kernel execution time: 0.020704 ms
Array 15 - Sorted data: 9 17 25 32 68 101 130 162 186 203 211 245 256 282 344 377 413 448 474 478 490 497 581 588 607 675 740 799 829 926 975 977 
Array 16 - Unsorted data: 840 762 666 180 212 940 444 459 662 76 267 378 937 602 604 976 995 83 355 668 842 284 346 716 279 313 697 196 112 713 508 304 
Kernel execution time: 0.020384 ms
Array 16 - Sorted data: 76 83 112 180 196 212 267 279 284 304 313 346 355 378 444 459 508 602 604 662 666 668 697 713 716 762 840 842 937 940 976 995 
Array 17 - Unsorted data: 182 966 993 355 576 578 812 381 734 617 954 173 134 213 382 89 130 235 230 328 85 409 273 205 856 351 63 855 482 200 118 664 
Kernel execution time: 0.021344 ms
Array 17 - Sorted data: 63 85 89 118 130 134 173 182 200 205 213 230 235 273 328 351 355 381 382 409 482 576 578 617 664 734 812 855 856 954 966 993 
Array 18 - Unsorted data: 787 205 289 720 871 125 529 988 951 282 717 787 999 825 972 99 971 35 245 132 276 470 624 742 918 198 508 135 718 72 568 505 
Kernel execution time: 0.019616 ms
Array 18 - Sorted data: 35 72 99 125 132 135 198 205 245 276 282 289 470 505 508 529 568 624 717 718 720 742 787 787 825 871 918 951 971 972 988 999 
Array 19 - Unsorted data: 472 23 73 791 588 242 423 666 170 103 951 545 431 288 229 262 647 408 712 248 98 17 593 628 262 739 459 458 204 884 86 676 
Kernel execution time: 0.020480 ms
Array 19 - Sorted data: 17 23 73 86 98 103 170 204 229 242 248 262 262 288 408 423 431 458 459 472 545 588 593 628 647 666 676 712 739 791 884 951 
Array 20 - Unsorted data: 868 840 834 335 996 39 666 308 392 241 52 32 414 979 91 843 198 266 510 743 585 891 273 504 645 237 278 683 598 220 572 819 
Kernel execution time: 0.021504 ms
Array 20 - Sorted data: 32 39 52 91 198 220 237 241 266 273 278 308 335 392 414 504 510 572 585 598 645 666 683 743 819 834 840 843 868 891 979 996 
Array 21 - Unsorted data: 552 733 383 975 448 344 981 242 884 708 737 915 675 348 462 209 940 2 777 463 364 359 472 219 430 198 536 330 862 892 616 766 
Kernel execution time: 0.021312 ms
Array 21 - Sorted data: 2 198 209 219 242 330 344 348 359 364 383 430 448 462 463 472 536 552 616 675 708 733 737 766 777 862 884 892 915 940 975 981 
Array 22 - Unsorted data: 922 177 828 737 317 581 22 253 791 974 684 980 498 887 156 606 388 9 312 109 478 810 332 961 976 203 26 964 60 460 872 334 
Kernel execution time: 0.021504 ms
Array 22 - Sorted data: 9 22 26 60 109 156 177 203 253 312 317 332 334 388 460 478 498 581 606 684 737 791 810 828 872 887 922 961 964 974 976 980 
Array 23 - Unsorted data: 3 64 807 804 218 377 13 341 19 470 542 264 459 374 757 74 145 436 325 23 651 745 255 786 924 420 392 964 683 422 307 686 
Kernel execution time: 0.020480 ms
Array 23 - Sorted data: 3 13 19 23 64 74 145 218 255 264 307 325 341 374 377 392 420 422 436 459 470 542 651 683 686 745 757 786 804 807 924 964 
Array 24 - Unsorted data: 907 842 11 260 764 469 735 218 703 654 771 710 609 943 163 181 711 683 709 988 248 255 144 349 990 415 45 307 741 25 539 0 
Kernel execution time: 0.020480 ms
Array 24 - Sorted data: 0 11 25 45 144 163 181 218 248 255 260 307 349 415 469 539 609 654 683 703 709 710 711 735 741 764 771 842 907 943 988 990 
Array 25 - Unsorted data: 302 133 703 664 589 22 543 56 764 476 870 649 506 709 322 26 832 903 435 691 647 199 136 974 8 280 160 320 778 788 150 432 
Kernel execution time: 0.022368 ms
Array 25 - Sorted data: 8 22 26 56 133 136 150 160 199 280 302 320 322 432 435 476 506 543 589 647 649 664 691 703 709 764 778 788 832 870 903 974 
Array 26 - Unsorted data: 133 719 13 661 841 973 100 15 384 68 780 262 542 67 724 806 76 300 589 978 168 585 719 490 569 944 173 534 293 925 687 426 
Kernel execution time: 0.021504 ms
Array 26 - Sorted data: 13 15 67 68 76 100 133 168 173 262 293 300 384 426 490 534 542 569 585 589 661 687 719 719 724 780 806 841 925 944 973 978 
Array 27 - Unsorted data: 41 716 363 337 641 198 519 534 677 885 315 786 838 95 816 707 995 928 390 626 575 259 700 580 516 823 822 204 890 800 494 931 
Kernel execution time: 0.021344 ms
Array 27 - Sorted data: 41 95 198 204 259 315 337 363 390 494 516 519 534 575 580 626 641 677 700 707 716 786 800 816 822 823 838 885 890 928 931 995 
Array 28 - Unsorted data: 903 234 36 585 152 435 400 831 72 374 947 355 641 19 86 726 0 686 759 741 806 226 152 975 908 596 318 550 142 173 782 397 
Kernel execution time: 0.021504 ms
Array 28 - Sorted data: 0 19 36 72 86 142 152 152 173 226 234 318 355 374 397 400 435 550 585 596 641 686 726 741 759 782 806 831 903 908 947 975 
Array 29 - Unsorted data: 330 162 411 462 993 567 366 407 6 288 366 922 195 726 244 983 415 166 272 348 887 1 383 476 217 657 4 488 23 183 825 353 
Kernel execution time: 0.020576 ms
Array 29 - Sorted data: 1 4 6 23 162 166 183 195 217 244 272 288 330 348 353 366 366 383 407 411 415 462 476 488 567 657 726 825 887 922 983 993 
Array 30 - Unsorted data: 673 678 330 134 119 765 108 939 829 601 104 533 142 501 879 176 321 159 189 972 945 722 617 718 331 477 803 83 904 182 276 578 
Kernel execution time: 0.021504 ms
Array 30 - Sorted data: 83 104 108 119 134 142 159 176 182 189 276 321 330 331 477 501 533 578 601 617 673 678 718 722 765 803 829 879 904 939 945 972 
Array 31 - Unsorted data: 658 561 588 431 662 83 394 116 442 872 731 552 126 126 275 561 88 680 339 127 894 255 87 4 164 418 345 554 564 484 312 222 
Kernel execution time: 0.020480 ms
Array 31 - Sorted data: 4 83 87 88 116 126 126 127 164 222 255 275 312 339 345 394 418 431 442 484 552 554 561 561 564 588 658 662 680 731 872 894 
Array 32 - Unsorted data: 467 940 195 265 900 628 81 447 240 322 180 823 164 679 46 861 24 740 126 955 335 273 849 33 841 694 544 619 110 138 912 929 
Kernel execution time: 0.020480 ms
Array 32 - Sorted data: 24 33 46 81 110 126 138 164 180 195 240 265 273 322 335 447 467 544 619 628 679 694 740 823 841 849 861 900 912 929 940 955 
Array 33 - Unsorted data: 140 199 502 507 788 1 151 483 716 917 457 123 228 620 142 661 97 978 315 575 35 171 442 62 311 21 900 933 792 41 177 932 
Kernel execution time: 0.020448 ms
Array 33 - Sorted data: 1 21 35 41 62 97 123 140 142 151 171 177 199 228 311 315 442 457 483 502 507 575 620 661 716 788 792 900 917 932 933 978 
Array 34 - Unsorted data: 119 155 332 302 345 572 328 148 41 969 309 215 613 654 882 487 270 34 212 314 565 257 482 345 911 631 188 213 691 473 674 163 
Kernel execution time: 0.020480 ms
Array 34 - Sorted data: 34 41 119 148 155 163 188 212 213 215 257 270 302 309 314 328 332 345 345 473 482 487 565 572 613 631 654 674 691 882 911 969 
Array 35 - Unsorted data: 827 843 314 584 827 326 242 760 797 611 438 856 301 84 589 999 656 529 683 325 102 441 424 132 837 202 851 648 284 282 480 463 
Kernel execution time: 0.020416 ms
Array 35 - Sorted data: 84 102 132 202 242 282 284 301 314 325 326 424 438 441 463 480 529 584 589 611 648 656 683 760 797 827 827 837 843 851 856 999 
Array 36 - Unsorted data: 18 857 50 995 467 38 243 351 204 476 864 694 849 12 406 741 811 959 48 392 999 75 261 482 471 678 827 131 342 202 264 713 
Kernel execution time: 0.021504 ms
Array 36 - Sorted data: 12 18 38 48 50 75 131 202 204 243 261 264 342 351 392 406 467 471 476 482 678 694 713 741 811 827 849 857 864 959 995 999 
Array 37 - Unsorted data: 411 143 780 643 874 972 39 984 430 996 150 601 35 217 532 633 160 366 805 746 916 878 967 727 877 323 673 621 699 396 422 462 
Kernel execution time: 0.020576 ms
Array 37 - Sorted data: 35 39 143 150 160 217 323 366 396 411 422 430 462 532 601 621 633 643 673 699 727 746 780 805 874 877 878 916 967 972 984 996 
Array 38 - Unsorted data: 217 352 816 239 522 196 504 165 797 490 833 895 474 402 891 441 172 521 649 781 48 628 67 467 598 164 959 297 308 533 662 877 
Kernel execution time: 0.020480 ms
Array 38 - Sorted data: 48 67 164 165 172 196 217 239 297 308 352 402 441 467 474 490 504 521 522 533 598 628 649 662 781 797 816 833 877 891 895 959 
Array 39 - Unsorted data: 57 351 712 531 536 191 144 322 958 911 667 522 97 105 801 957 504 383 150 432 85 336 591 142 497 207 229 992 284 913 234 342 
Kernel execution time: 0.021504 ms
Array 39 - Sorted data: 57 85 97 105 142 144 150 191 207 229 234 284 322 336 342 351 383 432 497 504 522 531 536 591 667 712 801 911 913 957 958 992 
Array 40 - Unsorted data: 876 278 892 377 972 148 675 708 530 28 161 915 369 212 821 96 657 608 342 270 44 446 273 618 748 820 798 462 995 715 221 871 
Kernel execution time: 0.021504 ms
Array 40 - Sorted data: 28 44 96 148 161 212 221 270 273 278 342 369 377 446 462 530 608 618 657 675 708 715 748 798 820 821 871 876 892 915 972 995 
Array 41 - Unsorted data: 117 599 988 152 627 695 613 278 474 789 317 451 434 887 126 374 792 874 955 193 922 830 26 973 955 220 66 713 498 393 401 967 
Kernel execution time: 0.019456 ms
Array 41 - Sorted data: 26 66 117 126 152 193 220 278 317 374 393 401 434 451 474 498 599 613 627 695 713 789 792 830 874 887 922 955 955 967 973 988 
Array 42 - Unsorted data: 154 106 238 678 790 493 105 110 587 465 182 205 732 503 335 293 410 282 44 409 520 165 914 554 246 627 87 138 32 625 509 538 
Kernel execution time: 0.020480 ms
Array 42 - Sorted data: 32 44 87 105 106 110 138 154 165 182 205 238 246 282 293 335 409 410 465 493 503 509 520 538 554 587 625 627 678 732 790 914 
Array 43 - Unsorted data: 527 944 802 78 140 226 512 586 242 398 287 153 724 260 888 319 473 42 39 997 943 854 276 786 131 643 292 936 463 798 825 342 
Kernel execution time: 0.021504 ms
Array 43 - Sorted data: 39 42 78 131 140 153 226 242 260 276 287 292 319 342 398 463 473 512 527 586 643 724 786 798 802 825 854 888 936 943 944 997 
Array 44 - Unsorted data: 806 884 13 843 392 260 36 122 595 811 564 116 135 941 785 408 229 209 344 447 745 574 794 679 469 861 713 27 236 720 848 395 
Kernel execution time: 0.022528 ms
Array 44 - Sorted data: 13 27 36 116 122 135 209 229 236 260 344 392 395 408 447 469 564 574 595 679 713 720 745 785 794 806 811 843 848 861 884 941 
Array 45 - Unsorted data: 305 446 963 948 588 622 168 821 939 477 639 824 382 407 28 206 985 546 940 743 398 312 64 869 99 227 333 315 945 426 622 602 
Kernel execution time: 0.021376 ms
Array 45 - Sorted data: 28 64 99 168 206 227 305 312 315 333 382 398 407 426 446 477 546 588 602 622 622 639 743 821 824 869 939 940 945 948 963 985 
Array 46 - Unsorted data: 669 355 648 412 194 159 778 200 563 925 278 751 538 402 794 339 738 595 936 758 866 724 850 409 942 907 994 833 233 169 885 902 
Kernel execution time: 0.021504 ms
Array 46 - Sorted data: 159 169 194 200 233 278 339 355 402 409 412 538 563 595 648 669 724 738 751 758 778 794 833 850 866 885 902 907 925 936 942 994 
Array 47 - Unsorted data: 59 851 783 424 189 651 400 722 692 112 73 568 274 568 296 278 446 420 497 47 166 404 39 889 225 106 256 566 511 914 818 570 
Kernel execution time: 0.020608 ms
Array 47 - Sorted data: 39 47 59 73 106 112 166 189 225 256 274 278 296 400 404 420 424 446 497 511 566 568 568 570 651 692 722 783 818 851 889 914 
Array 48 - Unsorted data: 780 166 576 86 469 583 376 577 608 328 190 354 893 265 332 94 5 588 524 535 107 946 576 492 365 656 109 88 822 541 657 602 
Kernel execution time: 0.021408 ms
Array 48 - Sorted data: 5 86 88 94 107 109 166 190 265 328 332 354 365 376 469 492 524 535 541 576 576 577 583 588 602 608 656 657 780 822 893 946 
Array 49 - Unsorted data: 227 603 174 269 360 14 952 192 324 539 442 809 273 267 77 991 182 44 863 703 996 338 683 915 357 808 285 164 302 973 770 529 
Kernel execution time: 0.020480 ms
Array 49 - Sorted data: 14 44 77 164 174 182 192 227 267 269 273 285 302 324 338 357 360 442 529 539 603 683 703 770 808 809 863 915 952 973 991 996 
Array 50 - Unsorted data: 378 241 647 184 44 852 963 937 951 906 906 290 243 405 300 241 141 137 939 92 445 145 166 391 265 118 936 912 260 280 557 638 
Kernel execution time: 0.021408 ms
Array 50 - Sorted data: 44 92 118 137 141 145 166 184 241 241 243 260 265 280 290 300 378 391 405 445 557 638 647 852 906 906 912 936 937 939 951 963 
Array 51 - Unsorted data: 66 863 230 928 418 548 688 580 346 141 591 145 737 872 645 441 761 719 731 359 907 916 971 61 253 201 283 263 696 290 891 762 
Kernel execution time: 0.021376 ms
Array 51 - Sorted data: 61 66 141 145 201 230 253 263 283 290 346 359 418 441 548 580 591 645 688 696 719 731 737 761 762 863 872 891 907 916 928 971 
Array 52 - Unsorted data: 461 887 466 659 235 745 942 486 744 205 605 736 756 864 985 476 961 260 336 375 521 437 373 196 205 622 761 909 95 19 32 908 
Kernel execution time: 0.020480 ms
Array 52 - Sorted data: 19 32 95 196 205 205 235 260 336 373 375 437 461 466 476 486 521 605 622 659 736 744 745 756 761 864 887 908 909 942 961 985 
Array 53 - Unsorted data: 155 448 66 242 670 986 5 889 677 143 799 279 621 501 305 955 330 705 175 865 286 130 682 516 154 202 323 915 271 570 351 778 
Kernel execution time: 0.020480 ms
Array 53 - Sorted data: 5 66 130 143 154 155 175 202 242 271 279 286 305 323 330 351 448 501 516 570 621 670 677 682 705 778 799 865 889 915 955 986 
Array 54 - Unsorted data: 876 340 300 29 668 736 353 814 165 15 415 734 616 220 477 368 123 435 604 505 821 817 44 742 437 872 285 333 384 289 434 612 
Kernel execution time: 0.020480 ms
Array 54 - Sorted data: 15 29 44 123 165 220 285 289 300 333 340 353 368 384 415 434 435 437 477 505 604 612 616 668 734 736 742 814 817 821 872 876 
Array 55 - Unsorted data: 573 614 256 63 976 637 162 20 911 781 142 640 511 609 749 581 192 59 294 386 164 97 282 633 144 636 759 600 797 532 862 723 
Kernel execution time: 0.020480 ms
Array 55 - Sorted data: 20 59 63 97 142 144 162 164 192 256 282 294 386 511 532 573 581 600 609 614 633 636 637 640 723 749 759 781 797 862 911 976 
Array 56 - Unsorted data: 292 293 717 778 654 566 390 32 745 509 212 982 402 334 60 80 966 990 535 855 53 850 174 668 537 792 331 203 257 914 605 549 
Kernel execution time: 0.020480 ms
Array 56 - Sorted data: 32 53 60 80 174 203 212 257 292 293 331 334 390 402 509 535 537 549 566 605 654 668 717 745 778 792 850 855 914 966 982 990 
Array 57 - Unsorted data: 661 325 423 607 279 174 940 870 691 939 434 935 327 461 385 443 912 221 347 19 995 227 985 991 135 315 593 783 390 529 943 51 
Kernel execution time: 0.020480 ms
Array 57 - Sorted data: 19 51 135 174 221 227 279 315 325 327 347 385 390 423 434 443 461 529 593 607 661 691 783 870 912 935 939 940 943 985 991 995 
Array 58 - Unsorted data: 335 583 244 710 629 62 966 568 539 147 650 599 767 354 712 969 438 258 707 861 933 847 736 932 169 21 847 717 629 686 226 317 
Kernel execution time: 0.021504 ms
Array 58 - Sorted data: 21 62 147 169 226 244 258 317 335 354 438 539 568 583 599 629 629 650 686 707 710 712 717 736 767 847 847 861 932 933 966 969 
Array 59 - Unsorted data: 243 177 292 733 577 333 850 269 16 500 775 160 795 837 238 53 919 819 290 768 49 967 554 901 980 243 899 809 937 997 165 532 
Kernel execution time: 0.021536 ms
Array 59 - Sorted data: 16 49 53 160 165 177 238 243 243 269 290 292 333 500 532 554 577 733 768 775 795 809 819 837 850 899 901 919 937 967 980 997 
Array 60 - Unsorted data: 22 957 578 527 611 345 946 978 657 2 980 550 948 497 677 606 377 623 296 313 799 966 267 433 515 478 198 194 14 916 53 388 
Kernel execution time: 0.020480 ms
Array 60 - Sorted data: 2 14 22 53 194 198 267 296 313 345 377 388 433 478 497 515 527 550 578 606 611 623 657 677 799 916 946 948 957 966 978 980 
Array 61 - Unsorted data: 946 372 377 249 507 5 733 304 373 194 70 918 426 975 139 11 87 326 652 178 403 331 876 972 140 850 701 2 280 2 305 578 
Kernel execution time: 0.020480 ms
Array 61 - Sorted data: 2 2 5 11 70 87 139 140 178 194 249 280 304 305 326 331 372 373 377 403 426 507 578 652 701 733 850 876 918 946 972 975 
Array 62 - Unsorted data: 143 487 529 73 240 904 384 652 609 888 280 190 224 860 726 964 346 623 663 917 527 336 308 640 538 371 177 883 827 644 998 970 
Kernel execution time: 0.021344 ms
Array 62 - Sorted data: 73 143 177 190 224 240 280 308 336 346 371 384 487 527 529 538 609 623 640 644 652 663 726 827 860 883 888 904 917 964 970 998 
Array 63 - Unsorted data: 339 187 417 726 849 593 590 610 219 164 46 32 548 557 37 523 396 134 692 558 86 840 56 819 907 22 393 291 50 257 135 741 
Kernel execution time: 0.020480 ms
Array 63 - Sorted data: 22 32 37 46 50 56 86 134 135 164 187 219 257 291 339 393 396 417 523 548 557 558 590 593 610 692 726 741 819 840 849 907 
Array 64 - Unsorted data: 285 461 244 240 338 962 762 996 415 625 350 925 598 132 477 4 787 953 595 680 850 537 427 813 833 697 849 58 817 977 367 102 
Kernel execution time: 0.020384 ms
Array 64 - Sorted data: 4 58 102 132 240 244 285 338 350 367 415 427 461 477 537 595 598 625 680 697 762 787 813 817 833 849 850 925 953 962 977 996 
Array 65 - Unsorted data: 744 950 16 850 271 650 105 735 157 409 228 164 241 633 812 897 742 800 496 763 570 152 277 191 450 855 247 118 662 790 490 406 
Kernel execution time: 0.020480 ms
Array 65 - Sorted data: 16 105 118 152 157 164 191 228 241 247 271 277 406 409 450 490 496 570 633 650 662 735 742 744 763 790 800 812 850 855 897 950 
Array 66 - Unsorted data: 742 575 774 594 804 967 978 350 345 229 580 1 933 401 164 952 280 134 938 523 647 775 659 845 427 616 804 814 506 586 559 248 
Kernel execution time: 0.020480 ms
Array 66 - Sorted data: 1 134 164 229 248 280 345 350 401 427 506 523 559 575 580 586 594 616 647 659 742 774 775 804 804 814 845 933 938 952 967 978 
Array 67 - Unsorted data: 997 849 376 974 364 945 610 542 138 326 627 656 602 417 612 342 469 338 613 622 153 263 463 854 834 288 378 647 825 294 931 822 
Kernel execution time: 0.023552 ms
Array 67 - Sorted data: 138 153 263 288 294 326 338 342 364 376 378 417 463 469 542 602 610 612 613 622 627 647 656 822 825 834 849 854 931 945 974 997 
Array 68 - Unsorted data: 159 269 188 918 349 275 422 114 716 260 379 56 796 447 129 835 299 850 346 785 328 733 780 688 290 912 912 146 504 373 51 15 
Kernel execution time: 0.021472 ms
Array 68 - Sorted data: 15 51 56 114 129 146 159 188 260 269 275 290 299 328 346 349 373 379 422 447 504 688 716 733 780 785 796 835 850 912 912 918 
Array 69 - Unsorted data: 901 56 722 14 683 445 108 597 380 788 645 383 961 109 839 478 866 847 940 992 158 863 130 444 182 704 50 521 565 228 48 818 
Kernel execution time: 0.021504 ms
Array 69 - Sorted data: 14 48 50 56 108 109 130 158 182 228 380 383 444 445 478 521 565 597 645 683 704 722 788 818 839 847 863 866 901 940 961 992 
Array 70 - Unsorted data: 6 270 396 478 832 588 910 176 350 684 896 989 921 592 105 985 206 862 342 968 493 856 499 461 992 356 450 461 2 534 438 360 
Kernel execution time: 0.020480 ms
Array 70 - Sorted data: 2 6 105 176 206 270 342 350 356 360 396 438 450 461 461 478 493 499 534 588 592 684 832 856 862 896 910 921 968 985 989 992 
Array 71 - Unsorted data: 341 902 981 521 535 462 671 845 382 400 494 109 539 13 130 819 474 107 89 140 162 546 622 791 940 786 594 341 598 952 738 291 
Kernel execution time: 0.020480 ms
Array 71 - Sorted data: 13 89 107 109 130 140 162 291 341 341 382 400 462 474 494 521 535 539 546 594 598 622 671 738 786 791 819 845 902 940 952 981 
Array 72 - Unsorted data: 201 98 141 133 653 960 921 636 154 545 763 996 584 455 879 216 878 385 229 600 421 951 797 909 107 920 747 719 406 406 101 607 
Kernel execution time: 0.021408 ms
Array 72 - Sorted data: 98 101 107 133 141 154 201 216 229 385 406 406 421 455 545 584 600 607 636 653 719 747 763 797 878 879 909 920 921 951 960 996 
Array 73 - Unsorted data: 939 625 52 619 462 731 258 206 725 977 210 693 889 153 98 614 610 655 503 698 500 97 211 338 839 248 421 165 36 339 286 327 
Kernel execution time: 0.021504 ms
Array 73 - Sorted data: 36 52 97 98 153 165 206 210 211 248 258 286 327 338 339 421 462 500 503 610 614 619 625 655 693 698 725 731 839 889 939 977 
Array 74 - Unsorted data: 474 365 985 950 352 967 882 833 370 33 535 739 709 148 151 237 894 84 176 389 869 85 349 910 104 623 572 81 762 82 59 588 
Kernel execution time: 0.021408 ms
Array 74 - Sorted data: 33 59 81 82 84 85 104 148 151 176 237 349 352 365 370 389 474 535 572 588 623 709 739 762 833 869 882 894 910 950 967 985 
Array 75 - Unsorted data: 422 783 135 338 262 993 332 70 363 68 476 404 886 238 730 989 853 120 633 721 682 726 615 630 320 697 751 846 476 898 966 251 
Kernel execution time: 0.021504 ms
Array 75 - Sorted data: 68 70 120 135 238 251 262 320 332 338 363 404 422 476 476 615 630 633 682 697 721 726 730 751 783 846 853 886 898 966 989 993 
Array 76 - Unsorted data: 849 627 989 740 908 982 439 242 763 838 40 479 250 382 462 264 509 697 931 944 785 714 73 747 51 885 640 237 657 574 132 859 
Kernel execution time: 0.020480 ms
Array 76 - Sorted data: 40 51 73 132 237 242 250 264 382 439 462 479 509 574 627 640 657 697 714 740 747 763 785 838 849 859 885 908 931 944 982 989 
Array 77 - Unsorted data: 619 361 660 490 112 938 96 450 758 359 507 276 245 26 208 878 52 14 704 962 865 140 275 725 903 398 479 920 153 227 386 772 
Kernel execution time: 0.020480 ms
Array 77 - Sorted data: 14 26 52 96 112 140 153 208 227 245 275 276 359 361 386 398 450 479 490 507 619 660 704 725 758 772 865 878 903 920 938 962 
Array 78 - Unsorted data: 216 12 353 269 0 330 13 826 575 439 568 490 326 450 328 376 84 298 846 113 952 426 915 869 326 137 720 829 959 408 171 175 
Kernel execution time: 0.020544 ms
Array 78 - Sorted data: 0 12 13 84 113 137 171 175 216 269 298 326 326 328 330 353 376 408 426 439 450 490 568 575 720 826 829 846 869 915 952 959 
Array 79 - Unsorted data: 197 340 756 326 277 150 991 691 61 774 505 947 630 884 42 347 182 533 308 621 722 210 768 413 878 284 238 573 81 347 764 278 
Kernel execution time: 0.020480 ms
Array 79 - Sorted data: 42 61 81 150 182 197 210 238 277 278 284 308 326 340 347 347 413 505 533 573 621 630 691 722 756 764 768 774 878 884 947 991 
Array 80 - Unsorted data: 475 770 520 856 914 807 934 225 834 902 346 854 750 169 43 766 597 220 403 589 919 265 968 213 214 877 778 216 818 653 466 645 
Kernel execution time: 0.020480 ms
Array 80 - Sorted data: 43 169 213 214 216 220 225 265 346 403 466 475 520 589 597 645 653 750 766 770 778 807 818 834 854 856 877 902 914 919 934 968 
Array 81 - Unsorted data: 371 262 296 568 740 977 670 701 215 482 389 437 481 638 929 624 746 230 697 740 489 525 719 581 808 65 7 663 578 496 968 949 
Kernel execution time: 0.020480 ms
Array 81 - Sorted data: 7 65 215 230 262 296 371 389 437 481 482 489 496 525 568 578 581 624 638 663 670 697 701 719 740 740 746 808 929 949 968 977 
Array 82 - Unsorted data: 752 162 875 836 478 889 722 563 229 883 793 715 30 308 251 606 443 613 862 590 851 304 684 621 821 879 636 695 184 87 502 936 
Kernel execution time: 0.021312 ms
Array 82 - Sorted data: 30 87 162 184 229 251 304 308 443 478 502 563 590 606 613 621 636 684 695 715 722 752 793 821 836 851 862 875 879 883 889 936 
Array 83 - Unsorted data: 74 952 816 750 830 190 459 245 926 380 554 442 13 409 69 258 315 986 409 262 697 673 224 539 26 625 32 151 827 802 600 253 
Kernel execution time: 0.020480 ms
Array 83 - Sorted data: 13 26 32 69 74 151 190 224 245 253 258 262 315 380 409 409 442 459 539 554 600 625 673 697 750 802 816 827 830 926 952 986 
Array 84 - Unsorted data: 15 501 452 332 454 39 992 617 393 944 739 521 219 511 107 885 472 671 549 713 820 323 351 291 304 940 315 971 985 411 140 0 
Kernel execution time: 0.020480 ms
Array 84 - Sorted data: 0 15 39 107 140 219 291 304 315 323 332 351 393 411 452 454 472 501 511 521 549 617 671 713 739 820 885 940 944 971 985 992 
Array 85 - Unsorted data: 261 436 614 955 769 120 71 560 359 74 35 937 331 135 239 893 154 676 652 193 215 944 457 127 724 488 279 336 689 796 105 951 
Kernel execution time: 0.022528 ms
Array 85 - Sorted data: 35 71 74 105 120 127 135 154 193 215 239 261 279 331 336 359 436 457 488 560 614 652 676 689 724 769 796 893 937 944 951 955 
Array 86 - Unsorted data: 934 135 826 251 538 356 845 504 461 256 43 803 377 223 505 604 825 538 878 559 37 913 977 417 496 144 665 886 271 565 707 557 
Kernel execution time: 0.020480 ms
Array 86 - Sorted data: 37 43 135 144 223 251 256 271 356 377 417 461 496 504 505 538 538 557 559 565 604 665 707 803 825 826 845 878 886 913 934 977 
Array 87 - Unsorted data: 677 245 290 995 90 676 81 650 23 644 814 8 934 44 433 50 134 649 77 303 793 466 452 249 82 669 156 960 215 370 232 245 
Kernel execution time: 0.020480 ms
Array 87 - Sorted data: 8 23 44 50 77 81 82 90 134 156 215 232 245 245 249 290 303 370 433 452 466 644 649 650 669 676 677 793 814 934 960 995 
Array 88 - Unsorted data: 256 635 262 944 245 556 460 501 762 298 968 655 292 300 253 387 95 794 972 847 690 635 79 131 119 748 618 814 373 168 144 981 
Kernel execution time: 0.022528 ms
Array 88 - Sorted data: 79 95 119 131 144 168 245 253 256 262 292 298 300 373 387 460 501 556 618 635 635 655 690 748 762 794 814 847 944 968 972 981 
Array 89 - Unsorted data: 541 596 871 847 171 474 397 560 979 776 806 408 625 836 238 513 699 321 465 449 94 255 578 56 227 815 48 225 16 912 654 557 
Kernel execution time: 0.021504 ms
Array 89 - Sorted data: 16 48 56 94 171 225 227 238 255 321 397 408 449 465 474 513 541 557 560 578 596 625 654 699 776 806 815 836 847 871 912 979 
Array 90 - Unsorted data: 911 379 18 239 443 111 136 325 672 641 838 531 723 424 262 828 285 710 916 758 128 454 344 729 242 818 247 40 129 168 660 392 
Kernel execution time: 0.020480 ms
Array 90 - Sorted data: 18 40 111 128 129 136 168 239 242 247 262 285 325 344 379 392 424 443 454 531 641 660 672 710 723 729 758 818 828 838 911 916 
Array 91 - Unsorted data: 10 376 219 833 541 665 480 76 366 334 898 870 145 741 823 363 815 488 11 987 84 295 935 699 972 205 831 823 225 717 284 587 
Kernel execution time: 0.021504 ms
Array 91 - Sorted data: 10 11 76 84 145 205 219 225 284 295 334 363 366 376 480 488 541 587 665 699 717 741 815 823 823 831 833 870 898 935 972 987 
Array 92 - Unsorted data: 592 178 394 161 323 743 854 916 688 347 585 315 659 764 723 462 499 310 337 240 863 964 238 196 659 282 67 836 373 792 339 317 
Kernel execution time: 0.020480 ms
Array 92 - Sorted data: 67 161 178 196 238 240 282 310 315 317 323 337 339 347 373 394 462 499 585 592 659 659 688 723 743 764 792 836 854 863 916 964 
Array 93 - Unsorted data: 501 935 404 37 332 179 398 838 824 659 482 4 905 167 301 641 184 886 152 58 668 996 61 634 141 88 229 106 492 839 608 993 
Kernel execution time: 0.020480 ms
Array 93 - Sorted data: 4 37 58 61 88 106 141 152 167 179 184 229 301 332 398 404 482 492 501 608 634 641 659 668 824 838 839 886 905 935 993 996 
Array 94 - Unsorted data: 232 358 445 884 159 22 906 864 130 357 564 431 300 640 180 441 891 796 832 516 860 595 255 435 285 794 208 997 533 135 342 766 
Kernel execution time: 0.021504 ms
Array 94 - Sorted data: 22 130 135 159 180 208 232 255 285 300 342 357 358 431 435 441 445 516 533 564 595 640 766 794 796 832 860 864 884 891 906 997 
Array 95 - Unsorted data: 76 211 454 383 115 582 376 864 606 564 218 836 857 436 56 675 999 909 84 768 357 138 516 397 91 509 813 134 234 581 688 310 
Kernel execution time: 0.020480 ms
Array 95 - Sorted data: 56 76 84 91 115 134 138 211 218 234 310 357 376 383 397 436 454 509 516 564 581 582 606 675 688 768 813 836 857 864 909 999 
Array 96 - Unsorted data: 737 888 468 491 175 560 341 695 448 699 570 57 752 621 509 998 409 362 23 106 164 264 580 112 340 560 736 522 522 102 154 611 
Kernel execution time: 0.020480 ms
Array 96 - Sorted data: 23 57 102 106 112 154 164 175 264 340 341 362 409 448 468 491 509 522 522 560 560 570 580 611 621 695 699 736 737 752 888 998 
Array 97 - Unsorted data: 883 732 565 520 816 382 289 545 454 519 731 559 177 508 279 707 923 315 407 356 591 565 775 609 748 686 860 761 507 269 397 390 
Kernel execution time: 0.020480 ms
Array 97 - Sorted data: 177 269 279 289 315 356 382 390 397 407 454 507 508 519 520 545 559 565 565 591 609 686 707 731 732 748 761 775 816 860 883 923 
Array 98 - Unsorted data: 949 389 942 476 889 486 11 968 635 355 578 858 158 803 356 789 789 935 514 551 208 696 593 690 695 527 243 929 532 824 904 481 
Kernel execution time: 0.020480 ms
Array 98 - Sorted data: 11 158 208 243 355 356 389 476 481 486 514 527 532 551 578 593 635 690 695 696 789 789 803 824 858 889 904 929 935 942 949 968 
Array 99 - Unsorted data: 292 94 795 753 716 94 560 15 261 363 955 374 488 193 634 585 496 201 358 301 634 974 664 59 719 385 654 922 934 720 511 226 
Kernel execution time: 0.020480 ms
Array 99 - Sorted data: 15 59 94 94 193 201 226 261 292 301 358 363 374 385 488 496 511 560 585 634 634 654 664 716 719 720 753 795 922 934 955 974 
Array 100 - Unsorted data: 599 331 793 909 570 30 426 422 702 743 959 53 787 110 261 418 35 604 715 776 730 906 659 21 451 613 992 534 214 966 862 813 
Kernel execution time: 0.022464 ms
Array 100 - Sorted data: 21 30 35 53 110 214 261 331 418 422 426 451 534 570 599 604 613 659 702 715 730 743 776 787 793 813 862 906 909 959 966 992 
Array 101 - Unsorted data: 66 858 882 307 256 925 322 237 683 361 963 940 777 807 756 180 729 512 457 731 945 603 205 419 175 54 257 83 571 778 269 989 
Kernel execution time: 0.020480 ms
Array 101 - Sorted data: 54 66 83 175 180 205 237 256 257 269 307 322 361 419 457 512 571 603 683 729 731 756 777 778 807 858 882 925 940 945 963 989 
Array 102 - Unsorted data: 682 755 609 788 515 181 955 510 151 713 580 938 50 531 940 748 552 871 333 946 44 801 684 85 512 938 982 728 662 826 42 344 
Kernel execution time: 0.020480 ms
Array 102 - Sorted data: 42 44 50 85 151 181 333 344 510 512 515 531 552 580 609 662 682 684 713 728 748 755 788 801 826 871 938 938 940 946 955 982 
Array 103 - Unsorted data: 870 60 50 72 125 316 632 717 820 804 845 544 579 485 857 884 14 514 553 660 805 816 643 633 198 604 780 620 32 625 786 902 
Kernel execution time: 0.019456 ms
Array 103 - Sorted data: 14 32 50 60 72 125 198 316 485 514 544 553 579 604 620 625 632 633 643 660 717 780 786 804 805 816 820 845 857 870 884 902 
Array 104 - Unsorted data: 654 450 657 40 228 621 220 583 117 561 381 834 627 304 520 324 129 620 337 267 273 88 316 501 756 84 884 915 765 504 981 419 
Kernel execution time: 0.020480 ms
Array 104 - Sorted data: 40 84 88 117 129 220 228 267 273 304 316 324 337 381 419 450 501 504 520 561 583 620 621 627 654 657 756 765 834 884 915 981 
Array 105 - Unsorted data: 814 651 654 962 97 798 92 393 113 599 500 564 710 36 772 349 73 850 479 955 586 754 483 365 155 135 593 264 508 812 979 674 
Kernel execution time: 0.020480 ms
Array 105 - Sorted data: 36 73 92 97 113 135 155 264 349 365 393 479 483 500 508 564 586 593 599 651 654 674 710 754 772 798 812 814 850 955 962 979 
Array 106 - Unsorted data: 477 772 841 922 117 506 786 200 561 363 648 825 972 577 630 717 405 995 221 438 862 294 741 243 279 861 682 848 958 278 92 787 
Kernel execution time: 0.020480 ms
Array 106 - Sorted data: 92 117 200 221 243 278 279 294 363 405 438 477 506 561 577 630 648 682 717 741 772 786 787 825 841 848 861 862 922 958 972 995 
Array 107 - Unsorted data: 567 753 304 857 270 629 641 752 294 618 904 360 697 594 965 0 955 573 69 651 9 77 664 758 320 206 291 595 879 5 365 447 
Kernel execution time: 0.020480 ms
Array 107 - Sorted data: 0 5 9 69 77 206 270 291 294 304 320 360 365 447 567 573 594 595 618 629 641 651 664 697 752 753 758 857 879 904 955 965 
Array 108 - Unsorted data: 319 192 547 39 212 479 167 961 266 648 129 383 895 856 18 750 447 605 192 294 216 683 4 343 821 730 163 374 946 72 777 617 
Kernel execution time: 0.020480 ms
Array 108 - Sorted data: 4 18 39 72 129 163 167 192 192 212 216 266 294 319 343 374 383 447 479 547 605 617 648 683 730 750 777 821 856 895 946 961 
Array 109 - Unsorted data: 287 177 224 586 711 581 866 312 729 944 129 827 714 381 912 280 42 794 246 641 974 338 315 407 487 118 892 29 548 715 367 835 
Kernel execution time: 0.020480 ms
Array 109 - Sorted data: 29 42 118 129 177 224 246 280 287 312 315 338 367 381 407 487 548 581 586 641 711 714 715 729 794 827 835 866 892 912 944 974 
Array 110 - Unsorted data: 73 457 893 693 711 62 602 289 138 278 734 860 167 199 984 13 918 114 205 824 704 23 686 893 627 672 382 871 917 598 104 990 
Kernel execution time: 0.020480 ms
Array 110 - Sorted data: 13 23 62 73 104 114 138 167 199 205 278 289 382 457 598 602 627 672 686 693 704 711 734 824 860 871 893 893 917 918 984 990 
Array 111 - Unsorted data: 428 22 361 762 168 54 99 990 555 593 401 56 961 502 236 335 451 911 698 567 864 250 204 421 144 596 939 663 951 276 876 732 
Kernel execution time: 0.021504 ms
Array 111 - Sorted data: 22 54 56 99 144 168 204 236 250 276 335 361 401 421 428 451 502 555 567 593 596 663 698 732 762 864 876 911 939 951 961 990 
Array 112 - Unsorted data: 161 55 352 137 312 627 173 545 560 451 779 274 445 844 302 634 0 613 445 192 291 429 663 40 34 68 515 313 714 95 317 227 
Kernel execution time: 0.020480 ms
Array 112 - Sorted data: 0 34 40 55 68 95 137 161 173 192 227 274 291 302 312 313 317 352 429 445 445 451 515 545 560 613 627 634 663 714 779 844 
Array 113 - Unsorted data: 730 629 0 710 394 20 687 440 827 250 95 305 154 152 954 283 938 729 380 521 632 781 720 322 811 107 629 43 609 628 96 339 
Kernel execution time: 0.021472 ms
Array 113 - Sorted data: 0 20 43 95 96 107 152 154 250 283 305 322 339 380 394 440 521 609 628 629 629 632 687 710 720 729 730 781 811 827 938 954 
Array 114 - Unsorted data: 552 46 426 67 483 586 401 22 978 392 981 628 208 388 759 130 801 643 524 503 64 388 462 13 923 541 701 369 292 515 108 844 
Kernel execution time: 0.020480 ms
Array 114 - Sorted data: 13 22 46 64 67 108 130 208 292 369 388 388 392 401 426 462 483 503 515 524 541 552 586 628 643 701 759 801 844 923 978 981 
Array 115 - Unsorted data: 543 605 109 914 483 606 428 134 543 99 52 670 14 299 390 820 646 395 496 74 672 850 803 71 445 148 121 262 41 729 902 937 
Kernel execution time: 0.020480 ms
Array 115 - Sorted data: 14 41 52 71 74 99 109 121 134 148 262 299 390 395 428 445 483 496 543 543 605 606 646 670 672 729 803 820 850 902 914 937 
Array 116 - Unsorted data: 643 486 987 793 241 97 412 11 244 332 11 940 166 223 186 516 359 524 566 772 102 118 461 490 320 154 459 817 904 186 8 899 
Kernel execution time: 0.020480 ms
Array 116 - Sorted data: 8 11 11 97 102 118 154 166 186 186 223 241 244 320 332 359 412 459 461 486 490 516 524 566 643 772 793 817 899 904 940 987 
Array 117 - Unsorted data: 795 269 748 69 987 509 623 845 851 815 548 909 278 798 736 883 658 548 718 752 951 703 221 281 255 768 972 272 235 709 412 30 
Kernel execution time: 0.021504 ms
Array 117 - Sorted data: 30 69 221 235 255 269 272 278 281 412 509 548 548 623 658 703 709 718 736 748 752 768 795 798 815 845 851 883 909 951 972 987 
Array 118 - Unsorted data: 739 744 967 801 114 418 516 750 241 851 787 954 346 559 469 153 116 673 266 768 514 978 270 649 395 187 419 44 613 950 381 352 
Kernel execution time: 0.021504 ms
Array 118 - Sorted data: 44 114 116 153 187 241 266 270 346 352 381 395 418 419 469 514 516 559 613 649 673 739 744 750 768 787 801 851 950 954 967 978 
Array 119 - Unsorted data: 826 82 568 696 134 358 806 2 595 388 252 505 383 113 585 83 555 785 860 906 935 246 217 825 199 102 378 988 710 387 562 888 
Kernel execution time: 0.021408 ms
Array 119 - Sorted data: 2 82 83 102 113 134 199 217 246 252 358 378 383 387 388 505 555 562 568 585 595 696 710 785 806 825 826 860 888 906 935 988 
Array 120 - Unsorted data: 517 50 304 326 303 895 385 110 522 426 244 787 513 817 431 77 368 869 168 588 626 768 530 912 594 941 235 164 911 179 84 428 
Kernel execution time: 0.019456 ms
Array 120 - Sorted data: 50 77 84 110 164 168 179 235 244 303 304 326 368 385 426 428 431 513 517 522 530 588 594 626 768 787 817 869 895 911 912 941 
Array 121 - Unsorted data: 459 558 468 782 668 2 242 512 219 621 464 893 378 847 563 486 39 833 465 446 421 694 691 903 524 8 179 339 350 275 209 809 
Kernel execution time: 0.020480 ms
Array 121 - Sorted data: 2 8 39 179 209 219 242 275 339 350 378 421 446 459 464 465 468 486 512 524 558 563 621 668 691 694 782 809 833 847 893 903 
Array 122 - Unsorted data: 45 506 980 155 641 685 258 688 958 62 475 136 889 383 915 387 851 732 328 43 41 644 865 313 712 760 92 966 298 335 140 696 
Kernel execution time: 0.020480 ms
Array 122 - Sorted data: 41 43 45 62 92 136 140 155 258 298 313 328 335 383 387 475 506 641 644 685 688 696 712 732 760 851 865 889 915 958 966 980 
Array 123 - Unsorted data: 651 603 852 805 435 29 144 152 321 403 250 728 409 110 931 542 157 136 448 159 653 454 235 385 230 574 455 109 646 565 214 649 
Kernel execution time: 0.020480 ms
Array 123 - Sorted data: 29 109 110 136 144 152 157 159 214 230 235 250 321 385 403 409 435 448 454 455 542 565 574 603 646 649 651 653 728 805 852 931 
Array 124 - Unsorted data: 686 305 673 10 163 806 286 89 760 676 176 383 856 712 382 83 214 976 104 43 538 628 316 942 541 13 901 344 548 523 996 586 
Kernel execution time: 0.021440 ms
Array 124 - Sorted data: 10 13 43 83 89 104 163 176 214 286 305 316 344 382 383 523 538 541 548 586 628 673 676 686 712 760 806 856 901 942 976 996 
Array 125 - Unsorted data: 891 704 479 314 658 149 103 224 352 535 307 994 220 867 856 292 324 601 914 641 379 556 240 693 205 351 107 730 897 37 241 788 
Kernel execution time: 0.020480 ms
Array 125 - Sorted data: 37 103 107 149 205 220 224 240 241 292 307 314 324 351 352 379 479 535 556 601 641 658 693 704 730 788 856 867 891 897 914 994 
Array 126 - Unsorted data: 36 23 876 82 186 43 546 927 480 423 474 874 361 395 629 606 395 646 762 500 300 961 252 161 299 604 387 510 988 621 828 376 
Kernel execution time: 0.021504 ms
Array 126 - Sorted data: 23 36 43 82 161 186 252 299 300 361 376 387 395 395 423 474 480 500 510 546 604 606 621 629 646 762 828 874 876 927 961 988 
Array 127 - Unsorted data: 434 702 336 599 847 147 30 225 145 133 576 175 367 644 178 84 890 381 328 291 524 496 976 175 53 464 449 422 321 564 364 107 
Kernel execution time: 0.020448 ms
Array 127 - Sorted data: 30 53 84 107 133 145 147 175 175 178 225 291 321 328 336 364 367 381 422 434 449 464 496 524 564 576 599 644 702 847 890 976 
Array 128 - Unsorted data: 241 938 338 627 297 233 295 470 933 40 332 924 687 616 741 802 496 322 380 365 976 356 484 796 235 424 460 225 953 475 377 194 
Kernel execution time: 0.020480 ms
Array 128 - Sorted data: 40 194 225 233 235 241 295 297 322 332 338 356 365 377 380 424 460 470 475 484 496 616 627 687 741 796 802 924 933 938 953 976 
Array 129 - Unsorted data: 33 653 19 123 175 495 841 572 883 837 652 800 653 660 1 762 844 195 204 521 340 859 557 72 131 28 139 637 983 284 354 369 
Kernel execution time: 0.021504 ms
Array 129 - Sorted data: 1 19 28 33 72 123 131 139 175 195 204 284 340 354 369 495 521 557 572 637 652 653 653 660 762 800 837 841 844 859 883 983 
Array 130 - Unsorted data: 649 693 232 701 245 82 595 930 564 685 293 117 54 402 776 59 259 285 816 119 234 154 274 715 987 179 605 347 963 450 976 613 
Kernel execution time: 0.020704 ms
Array 130 - Sorted data: 54 59 82 117 119 154 179 232 234 245 259 274 285 293 347 402 450 564 595 605 613 649 685 693 701 715 776 816 930 963 976 987 
Array 131 - Unsorted data: 256 319 23 247 382 249 899 574 398 158 422 85 141 788 840 478 124 631 397 16 699 386 47 184 694 379 69 268 164 118 136 420 
Kernel execution time: 0.044896 ms
Array 131 - Sorted data: 16 23 47 69 85 118 124 136 141 158 164 184 247 249 256 268 319 379 382 386 397 398 420 422 478 574 631 694 699 788 840 899 
Array 132 - Unsorted data: 470 274 487 674 61 797 402 996 134 64 974 449 226 547 339 729 961 459 82 86 982 37 637 262 763 23 972 204 248 114 524 718 
Kernel execution time: 0.022528 ms
Array 132 - Sorted data: 23 37 61 64 82 86 114 134 204 226 248 262 274 339 402 449 459 470 487 524 547 637 674 718 729 763 797 961 972 974 982 996 
Array 133 - Unsorted data: 382 963 827 342 387 507 917 822 958 693 905 762 716 692 366 283 707 978 207 412 845 251 793 955 398 213 468 167 26 885 232 408 
Kernel execution time: 0.021504 ms
Array 133 - Sorted data: 26 167 207 213 232 251 283 342 366 382 387 398 408 412 468 507 692 693 707 716 762 793 822 827 845 885 905 917 955 958 963 978 
Array 134 - Unsorted data: 248 241 837 932 907 883 510 260 116 921 320 192 795 821 821 656 678 733 347 854 543 129 801 8 19 742 630 491 566 421 836 167 
Kernel execution time: 0.020480 ms
Array 134 - Sorted data: 8 19 116 129 167 192 241 248 260 320 347 421 491 510 543 566 630 656 678 733 742 795 801 821 821 836 837 854 883 907 921 932 
Array 135 - Unsorted data: 492 893 517 363 995 467 409 672 633 270 364 367 586 344 676 268 887 406 268 614 469 435 292 104 663 215 330 748 456 630 229 301 
Kernel execution time: 0.020480 ms
Array 135 - Sorted data: 104 215 229 268 268 270 292 301 330 344 363 364 367 406 409 435 456 467 469 492 517 586 614 630 633 663 672 676 748 887 893 995 
Array 136 - Unsorted data: 255 819 122 399 640 169 186 510 368 233 82 704 432 388 370 68 839 297 521 200 635 747 565 287 407 254 481 126 164 447 68 771 
Kernel execution time: 0.020480 ms
Array 136 - Sorted data: 68 68 82 122 126 164 169 186 200 233 254 255 287 297 368 370 388 399 407 432 447 481 510 521 565 635 640 704 747 771 819 839 
Array 137 - Unsorted data: 750 744 859 860 622 405 137 967 947 778 212 841 508 360 477 997 740 428 125 367 503 171 248 693 947 870 174 41 81 764 139 183 
Kernel execution time: 0.020480 ms
Array 137 - Sorted data: 41 81 125 137 139 171 174 183 212 248 360 367 405 428 477 503 508 622 693 740 744 750 764 778 841 859 860 870 947 947 967 997 
Array 138 - Unsorted data: 424 214 514 677 537 386 928 684 877 738 3 443 671 56 920 861 736 513 553 320 26 202 845 654 524 603 869 325 594 922 793 18 
Kernel execution time: 0.019456 ms
Array 138 - Sorted data: 3 18 26 56 202 214 320 325 386 424 443 513 514 524 537 553 594 603 654 671 677 684 736 738 793 845 861 869 877 920 922 928 
Array 139 - Unsorted data: 535 361 268 335 546 258 419 632 945 70 886 925 684 475 842 144 787 468 517 939 848 862 760 489 647 904 155 892 980 702 697 867 
Kernel execution time: 0.020480 ms
Array 139 - Sorted data: 70 144 155 258 268 335 361 419 468 475 489 517 535 546 632 647 684 697 702 760 787 842 848 862 867 886 892 904 925 939 945 980 
Array 140 - Unsorted data: 343 352 384 876 775 383 719 760 539 30 535 619 906 101 635 286 413 159 710 813 91 32 286 962 167 706 568 531 722 466 362 417 
Kernel execution time: 0.021504 ms
Array 140 - Sorted data: 30 32 91 101 159 167 286 286 343 352 362 383 384 413 417 466 531 535 539 568 619 635 706 710 719 722 760 775 813 876 906 962 
Array 141 - Unsorted data: 730 942 205 445 776 795 676 538 462 393 666 598 53 371 471 258 151 209 269 567 684 849 796 615 724 470 560 96 460 659 585 190 
Kernel execution time: 0.021440 ms
Array 141 - Sorted data: 53 96 151 190 205 209 258 269 371 393 445 460 462 470 471 538 560 567 585 598 615 659 666 676 684 724 730 776 795 796 849 942 
Array 142 - Unsorted data: 406 880 610 585 736 876 869 190 460 55 374 858 310 391 549 729 988 44 876 41 794 567 378 111 795 332 182 876 509 657 93 915 
Kernel execution time: 0.021504 ms
Array 142 - Sorted data: 41 44 55 93 111 182 190 310 332 374 378 391 406 460 509 549 567 585 610 657 729 736 794 795 858 869 876 876 876 880 915 988 
Array 143 - Unsorted data: 884 801 17 164 537 909 966 75 862 753 833 221 632 592 770 643 293 804 36 628 504 493 742 360 106 798 401 540 889 481 213 773 
Kernel execution time: 0.020544 ms
Array 143 - Sorted data: 17 36 75 106 164 213 221 293 360 401 481 493 504 537 540 592 628 632 643 742 753 770 773 798 801 804 833 862 884 889 909 966 
Array 144 - Unsorted data: 504 643 899 184 13 975 676 447 850 882 896 515 909 767 1 922 390 670 57 976 346 864 937 410 659 204 433 614 275 29 85 131 
Kernel execution time: 0.021504 ms
Array 144 - Sorted data: 1 13 29 57 85 131 184 204 275 346 390 410 433 447 504 515 614 643 659 670 676 767 850 864 882 896 899 909 922 937 975 976 
Array 145 - Unsorted data: 726 272 688 477 83 81 627 57 487 526 136 340 579 111 842 598 54 529 463 861 244 165 801 807 812 181 330 813 403 96 282 129 
Kernel execution time: 0.021504 ms
Array 145 - Sorted data: 54 57 81 83 96 111 129 136 165 181 244 272 282 330 340 403 463 477 487 526 529 579 598 627 688 726 801 807 812 813 842 861 
Array 146 - Unsorted data: 607 15 713 750 681 843 879 278 771 57 46 737 712 541 353 917 894 497 265 110 984 206 845 620 971 367 405 111 574 715 453 534 
Kernel execution time: 0.022368 ms
Array 146 - Sorted data: 15 46 57 110 111 206 265 278 353 367 405 453 497 534 541 574 607 620 681 712 713 715 737 750 771 843 845 879 894 917 971 984 
Array 147 - Unsorted data: 545 205 717 721 79 337 285 751 337 914 745 659 331 826 751 546 826 118 631 918 86 709 528 689 410 468 853 666 292 295 478 189 
Kernel execution time: 0.020480 ms
Array 147 - Sorted data: 79 86 118 189 205 285 292 295 331 337 337 410 468 478 528 545 546 631 659 666 689 709 717 721 745 751 751 826 826 853 914 918 
Array 148 - Unsorted data: 868 744 148 158 120 985 82 882 764 228 626 670 405 600 484 547 609 831 363 80 464 695 639 407 971 324 343 744 409 848 960 277 
Kernel execution time: 0.020480 ms
Array 148 - Sorted data: 80 82 120 148 158 228 277 324 343 363 405 407 409 464 484 547 600 609 626 639 670 695 744 744 764 831 848 868 882 960 971 985 
Array 149 - Unsorted data: 618 592 887 929 780 126 594 400 230 333 179 48 226 297 550 130 667 299 554 969 24 900 106 345 667 513 678 338 388 752 444 358 
Kernel execution time: 0.020480 ms
Array 149 - Sorted data: 24 48 106 126 130 179 226 230 297 299 333 338 345 358 388 400 444 513 550 554 592 594 618 667 667 678 752 780 887 900 929 969 
Array 150 - Unsorted data: 196 730 8 63 613 951 848 556 419 240 474 491 581 789 260 754 780 41 667 973 173 962 291 636 85 958 283 123 100 491 560 296 
Kernel execution time: 0.020544 ms
Array 150 - Sorted data: 8 41 63 85 100 123 173 196 240 260 283 291 296 419 474 491 491 556 560 581 613 636 667 730 754 780 789 848 951 958 962 973 
Array 151 - Unsorted data: 850 807 101 62 521 306 15 310 94 920 702 97 311 638 294 232 265 650 903 781 881 919 118 218 678 709 849 318 689 244 751 891 
Kernel execution time: 0.020480 ms
Array 151 - Sorted data: 15 62 94 97 101 118 218 232 244 265 294 306 310 311 318 521 638 650 678 689 702 709 751 781 807 849 850 881 891 903 919 920 
Array 152 - Unsorted data: 634 125 286 518 716 964 912 613 439 252 841 601 14 89 434 277 159 381 50 580 733 842 293 983 916 189 660 411 20 404 99 654 
Kernel execution time: 0.021504 ms
Array 152 - Sorted data: 14 20 50 89 99 125 159 189 252 277 286 293 381 404 411 434 439 518 580 601 613 634 654 660 716 733 841 842 912 916 964 983 
Array 153 - Unsorted data: 857 596 308 456 257 629 51 209 329 3 941 410 981 893 776 414 723 236 274 661 56 288 419 468 901 99 647 598 668 608 246 525 
Kernel execution time: 0.020672 ms
Array 153 - Sorted data: 3 51 56 99 209 236 246 257 274 288 308 329 410 414 419 456 468 525 596 598 608 629 647 661 668 723 776 857 893 901 941 981 
Array 154 - Unsorted data: 35 517 113 772 666 350 975 225 50 488 10 565 377 101 827 172 104 836 913 978 544 961 110 104 764 301 712 223 284 319 303 671 
Kernel execution time: 0.019456 ms
Array 154 - Sorted data: 10 35 50 101 104 104 110 113 172 223 225 284 301 303 319 350 377 488 517 544 565 666 671 712 764 772 827 836 913 961 975 978 
Array 155 - Unsorted data: 14 631 39 822 747 548 82 143 349 333 55 489 412 958 84 41 348 484 845 445 282 849 535 988 375 317 261 639 502 884 207 868 
Kernel execution time: 0.029696 ms
Array 155 - Sorted data: 14 39 41 55 82 84 143 207 261 282 317 333 348 349 375 412 445 484 489 502 535 548 631 639 747 822 845 849 868 884 958 988 
Array 156 - Unsorted data: 970 167 426 658 571 985 249 277 753 622 32 855 817 491 749 160 816 256 25 795 133 493 209 272 343 219 623 441 639 913 703 961 
Kernel execution time: 0.022528 ms
Array 156 - Sorted data: 25 32 133 160 167 209 219 249 256 272 277 343 426 441 491 493 571 622 623 639 658 703 749 753 795 816 817 855 913 961 970 985 
Array 157 - Unsorted data: 615 100 483 663 664 119 50 575 773 335 284 186 56 841 819 969 169 706 643 751 18 955 349 661 433 725 469 880 180 463 218 795 
Kernel execution time: 0.020480 ms
Array 157 - Sorted data: 18 50 56 100 119 169 180 186 218 284 335 349 433 463 469 483 575 615 643 661 663 664 706 725 751 773 795 819 841 880 955 969 
Array 158 - Unsorted data: 275 989 917 315 704 638 929 574 183 611 869 250 134 588 617 155 454 539 287 537 48 689 262 170 640 146 589 976 374 700 788 1 
Kernel execution time: 0.020480 ms
Array 158 - Sorted data: 1 48 134 146 155 170 183 250 262 275 287 315 374 454 537 539 574 588 589 611 617 638 640 689 700 704 788 869 917 929 976 989 
Array 159 - Unsorted data: 812 186 805 288 810 77 525 941 41 580 914 135 213 393 57 665 552 336 434 368 278 602 556 845 610 478 521 271 825 660 122 989 
Kernel execution time: 0.021504 ms
Array 159 - Sorted data: 41 57 77 122 135 186 213 271 278 288 336 368 393 434 478 521 525 552 556 580 602 610 660 665 805 810 812 825 845 914 941 989 
Array 160 - Unsorted data: 941 809 444 45 622 642 201 848 400 954 486 847 523 998 99 912 515 485 286 3 946 742 703 223 570 486 596 883 188 417 607 129 
Kernel execution time: 0.020480 ms
Array 160 - Sorted data: 3 45 99 129 188 201 223 286 400 417 444 485 486 486 515 523 570 596 607 622 642 703 742 809 847 848 883 912 941 946 954 998 
Array 161 - Unsorted data: 460 919 401 818 440 829 988 598 322 737 343 822 684 351 706 174 489 558 930 890 261 422 486 377 571 398 99 886 832 663 852 293 
Kernel execution time: 0.021312 ms
Array 161 - Sorted data: 99 174 261 293 322 343 351 377 398 401 422 440 460 486 489 558 571 598 663 684 706 737 818 822 829 832 852 886 890 919 930 988 
Array 162 - Unsorted data: 136 787 865 810 11 894 537 962 499 981 870 241 332 678 376 718 112 132 311 30 580 350 378 211 301 435 513 562 864 71 962 352 
Kernel execution time: 0.021504 ms
Array 162 - Sorted data: 11 30 71 112 132 136 211 241 301 311 332 350 352 376 378 435 499 513 537 562 580 678 718 787 810 864 865 870 894 962 962 981 
Array 163 - Unsorted data: 298 685 530 748 406 40 959 197 988 366 137 147 619 645 495 891 529 563 802 893 516 14 188 470 589 402 696 892 269 615 529 567 
Kernel execution time: 0.020608 ms
Array 163 - Sorted data: 14 40 137 147 188 197 269 298 366 402 406 470 495 516 529 529 530 563 567 589 615 619 645 685 696 748 802 891 892 893 959 988 
Array 164 - Unsorted data: 753 237 58 121 696 437 148 214 424 232 454 479 415 332 738 140 273 947 179 672 334 278 390 267 884 56 34 995 392 353 802 145 
Kernel execution time: 0.020480 ms
Array 164 - Sorted data: 34 56 58 121 140 145 148 179 214 232 237 267 273 278 332 334 353 390 392 415 424 437 454 479 672 696 738 753 802 884 947 995 
Array 165 - Unsorted data: 818 449 711 586 644 344 302 789 836 710 616 304 193 892 821 626 864 499 181 37 533 152 375 48 824 391 291 480 809 84 665 980 
Kernel execution time: 0.020288 ms
Array 165 - Sorted data: 37 48 84 152 181 193 291 302 304 344 375 391 449 480 499 533 586 616 626 644 665 710 711 789 809 818 821 824 836 864 892 980 
Array 166 - Unsorted data: 670 147 296 174 345 719 497 653 183 830 223 299 830 187 197 728 906 581 621 271 377 335 557 975 140 683 742 31 134 294 153 804 
Kernel execution time: 0.020416 ms
Array 166 - Sorted data: 31 134 140 147 153 174 183 187 197 223 271 294 296 299 335 345 377 497 557 581 621 653 670 683 719 728 742 804 830 830 906 975 
Array 167 - Unsorted data: 30 338 66 548 734 782 306 584 799 410 154 330 866 269 712 180 642 503 616 236 26 300 328 363 780 273 623 296 59 243 565 441 
Kernel execution time: 0.019712 ms
Array 167 - Sorted data: 26 30 59 66 154 180 236 243 269 273 296 300 306 328 330 338 363 410 441 503 548 565 584 616 623 642 712 734 780 782 799 866 
Array 168 - Unsorted data: 209 887 974 421 144 466 336 426 644 762 406 734 625 294 953 368 806 647 546 394 795 992 276 387 286 607 808 41 291 244 911 853 
Kernel execution time: 0.022304 ms
Array 168 - Sorted data: 41 144 209 244 276 286 291 294 336 368 387 394 406 421 426 466 546 607 625 644 647 734 762 795 806 808 853 887 911 953 974 992 
Array 169 - Unsorted data: 261 284 191 42 373 680 543 190 937 886 988 79 375 188 240 935 136 378 922 849 682 16 791 33 419 97 463 272 620 622 568 882 
Kernel execution time: 0.020640 ms
Array 169 - Sorted data: 16 33 42 79 97 136 188 190 191 240 261 272 284 373 375 378 419 463 543 568 620 622 680 682 791 849 882 886 922 935 937 988 
Array 170 - Unsorted data: 411 183 873 486 343 749 380 1 589 268 849 941 165 305 124 728 821 660 813 816 731 634 709 910 396 314 370 627 392 277 163 804 
Kernel execution time: 0.020480 ms
Array 170 - Sorted data: 1 124 163 165 183 268 277 305 314 343 370 380 392 396 411 486 589 627 634 660 709 728 731 749 804 813 816 821 849 873 910 941 
Array 171 - Unsorted data: 178 184 715 108 982 681 145 431 170 759 625 156 499 271 156 162 946 16 795 197 327 478 88 576 705 244 235 970 857 721 28 35 
Kernel execution time: 0.020480 ms
Array 171 - Sorted data: 16 28 35 88 108 145 156 156 162 170 178 184 197 235 244 271 327 431 478 499 576 625 681 705 715 721 759 795 857 946 970 982 
Array 172 - Unsorted data: 377 230 487 49 516 760 13 333 901 859 718 724 21 364 616 900 264 967 887 547 114 47 7 231 836 955 135 932 639 452 236 368 
Kernel execution time: 0.020480 ms
Array 172 - Sorted data: 7 13 21 47 49 114 135 230 231 236 264 333 364 368 377 452 487 516 547 616 639 718 724 760 836 859 887 900 901 932 955 967 
Array 173 - Unsorted data: 142 244 634 998 723 33 296 296 701 240 387 661 22 541 188 987 99 178 288 964 871 80 673 342 424 396 188 342 470 212 866 612 
Kernel execution time: 0.020480 ms
Array 173 - Sorted data: 22 33 80 99 142 178 188 188 212 240 244 288 296 296 342 342 387 396 424 470 541 612 634 661 673 701 723 866 871 964 987 998 
Array 174 - Unsorted data: 921 655 468 89 286 539 194 140 270 487 813 189 903 197 238 9 392 218 717 623 24 909 103 266 420 496 447 217 687 731 467 608 
Kernel execution time: 0.020480 ms
Array 174 - Sorted data: 9 24 89 103 140 189 194 197 217 218 238 266 270 286 392 420 447 467 468 487 496 539 608 623 655 687 717 731 813 903 909 921 
Array 175 - Unsorted data: 988 446 83 112 494 893 744 264 824 723 843 438 22 252 274 515 340 899 542 336 620 739 815 861 274 431 890 234 922 668 3 263 
Kernel execution time: 0.045024 ms
Array 175 - Sorted data: 3 22 83 112 234 252 263 264 274 274 336 340 431 438 446 494 515 542 620 668 723 739 744 815 824 843 861 890 893 899 922 988 
Array 176 - Unsorted data: 83 901 674 281 636 407 106 874 523 157 397 296 721 149 398 219 888 253 430 421 899 293 572 660 668 464 116 71 532 5 75 967 
Kernel execution time: 0.021504 ms
Array 176 - Sorted data: 5 71 75 83 106 116 149 157 219 253 281 293 296 397 398 407 421 430 464 523 532 572 636 660 668 674 721 874 888 899 901 967 
Array 177 - Unsorted data: 91 935 355 311 431 268 815 16 633 852 807 274 518 583 71 779 873 285 285 982 117 195 754 173 48 412 449 243 332 653 128 423 
Kernel execution time: 0.021504 ms
Array 177 - Sorted data: 16 48 71 91 117 128 173 195 243 268 274 285 285 311 332 355 412 423 431 449 518 583 633 653 754 779 807 815 852 873 935 982 
Array 178 - Unsorted data: 400 391 569 188 805 801 77 212 384 319 264 499 510 754 340 902 648 873 686 541 231 347 170 931 344 420 519 117 746 2 575 146 
Kernel execution time: 0.021504 ms
Array 178 - Sorted data: 2 77 117 146 170 188 212 231 264 319 340 344 347 384 391 400 420 499 510 519 541 569 575 648 686 746 754 801 805 873 902 931 
Array 179 - Unsorted data: 206 949 49 589 152 593 857 891 369 605 604 795 858 630 434 33 605 625 408 62 534 487 297 777 872 528 822 898 89 767 670 295 
Kernel execution time: 0.020480 ms
Array 179 - Sorted data: 33 49 62 89 152 206 295 297 369 408 434 487 528 534 589 593 604 605 605 625 630 670 767 777 795 822 857 858 872 891 898 949 
Array 180 - Unsorted data: 776 456 230 995 22 934 306 502 411 425 783 231 629 634 560 379 555 96 826 428 815 280 127 766 333 528 171 155 654 89 878 782 
Kernel execution time: 0.020480 ms
Array 180 - Sorted data: 22 89 96 127 155 171 230 231 280 306 333 379 411 425 428 456 502 528 555 560 629 634 654 766 776 782 783 815 826 878 934 995 
Array 181 - Unsorted data: 129 966 915 208 503 383 775 839 247 403 232 275 290 375 921 483 493 854 379 544 900 894 818 315 756 444 762 285 352 91 370 481 
Kernel execution time: 0.022336 ms
Array 181 - Sorted data: 91 129 208 232 247 275 285 290 315 352 370 375 379 383 403 444 481 483 493 503 544 756 762 775 818 839 854 894 900 915 921 966 
Array 182 - Unsorted data: 955 347 649 712 553 651 197 654 112 619 130 427 981 812 67 30 258 372 557 801 96 243 550 185 74 907 845 649 61 178 566 16 
Kernel execution time: 0.021504 ms
Array 182 - Sorted data: 16 30 61 67 74 96 112 130 178 185 197 243 258 347 372 427 550 553 557 566 619 649 649 651 654 712 801 812 845 907 955 981 
Array 183 - Unsorted data: 121 299 668 595 660 420 965 857 458 248 117 795 703 792 120 751 651 153 911 618 492 72 492 777 726 944 542 957 119 937 839 241 
Kernel execution time: 0.021504 ms
Array 183 - Sorted data: 72 117 119 120 121 153 241 248 299 420 458 492 492 542 595 618 651 660 668 703 726 751 777 792 795 839 857 911 937 944 957 965 
Array 184 - Unsorted data: 642 522 613 931 917 848 360 658 435 547 258 899 196 941 6 478 641 921 446 60 598 42 278 198 508 782 664 885 328 179 760 970 
Kernel execution time: 0.021504 ms
Array 184 - Sorted data: 6 42 60 179 196 198 258 278 328 360 435 446 478 508 522 547 598 613 641 642 658 664 760 782 848 885 899 917 921 931 941 970 
Array 185 - Unsorted data: 653 257 926 320 508 15 864 945 509 489 335 448 530 476 530 758 562 711 508 90 277 891 705 370 535 221 490 957 853 495 837 858 
Kernel execution time: 0.021504 ms
Array 185 - Sorted data: 15 90 221 257 277 320 335 370 448 476 489 490 495 508 508 509 530 530 535 562 653 705 711 758 837 853 858 864 891 926 945 957 
Array 186 - Unsorted data: 169 313 633 690 757 35 77 803 785 927 795 899 263 694 796 964 914 835 214 25 747 759 309 747 61 208 230 763 974 212 286 143 
Kernel execution time: 0.020480 ms
Array 186 - Sorted data: 25 35 61 77 143 169 208 212 214 230 263 286 309 313 633 690 694 747 747 757 759 763 785 795 796 803 835 899 914 927 964 974 
Array 187 - Unsorted data: 48 466 331 369 629 650 564 534 137 906 763 496 737 573 362 321 805 520 242 528 594 446 486 987 206 296 733 579 319 839 52 719 
Kernel execution time: 0.020480 ms
Array 187 - Sorted data: 48 52 137 206 242 296 319 321 331 362 369 446 466 486 496 520 528 534 564 573 579 594 629 650 719 733 737 763 805 839 906 987 
Array 188 - Unsorted data: 690 689 987 310 505 781 693 902 908 678 316 395 504 350 333 370 85 428 736 472 697 865 599 104 947 879 607 951 99 49 694 141 
Kernel execution time: 0.021472 ms
Array 188 - Sorted data: 49 85 99 104 141 310 316 333 350 370 395 428 472 504 505 599 607 678 689 690 693 694 697 736 781 865 879 902 908 947 951 987 
Array 189 - Unsorted data: 999 57 976 711 266 151 807 300 662 308 827 428 891 775 271 54 902 19 818 153 94 811 963 59 285 584 967 705 363 565 15 714 
Kernel execution time: 0.020608 ms
Array 189 - Sorted data: 15 19 54 57 59 94 151 153 266 271 285 300 308 363 428 565 584 662 705 711 714 775 807 811 818 827 891 902 963 967 976 999 
Array 190 - Unsorted data: 967 851 538 221 470 710 586 391 117 662 654 152 81 346 183 425 286 932 784 654 775 871 532 995 329 417 783 284 687 496 50 655 
Kernel execution time: 0.020480 ms
Array 190 - Sorted data: 50 81 117 152 183 221 284 286 329 346 391 417 425 470 496 532 538 586 654 654 655 662 687 710 775 783 784 851 871 932 967 995 
Array 191 - Unsorted data: 943 913 49 58 614 508 839 925 722 94 854 310 778 165 971 60 859 999 726 766 614 0 321 64 71 178 827 952 505 656 627 448 
Kernel execution time: 0.020480 ms
Array 191 - Sorted data: 0 49 58 60 64 71 94 165 178 310 321 448 505 508 614 614 627 656 722 726 766 778 827 839 854 859 913 925 943 952 971 999 
Array 192 - Unsorted data: 703 47 223 324 91 275 33 126 847 333 740 840 206 328 870 502 916 852 832 514 2 609 706 334 306 616 935 93 79 345 825 783 
Kernel execution time: 0.021504 ms
Array 192 - Sorted data: 2 33 47 79 91 93 126 206 223 275 306 324 328 333 334 345 502 514 609 616 703 706 740 783 825 832 840 847 852 870 916 935 
Array 193 - Unsorted data: 241 811 518 995 302 402 371 220 752 135 695 442 417 551 726 427 600 681 903 538 108 533 721 637 327 540 983 334 555 720 473 149 
Kernel execution time: 0.019456 ms
Array 193 - Sorted data: 108 135 149 220 241 302 327 334 371 402 417 427 442 473 518 533 538 540 551 555 600 637 681 695 720 721 726 752 811 903 983 995 
Array 194 - Unsorted data: 152 335 921 863 665 555 383 277 55 914 877 838 472 971 49 236 829 195 893 491 997 134 349 155 998 775 460 459 537 999 715 41 
Kernel execution time: 0.021504 ms
Array 194 - Sorted data: 41 49 55 134 152 155 195 236 277 335 349 383 459 460 472 491 537 555 665 715 775 829 838 863 877 893 914 921 971 997 998 999 
Array 195 - Unsorted data: 896 30 113 338 269 87 651 58 768 553 844 317 27 538 111 150 879 330 927 124 785 182 334 78 110 58 542 645 528 600 503 424 
Kernel execution time: 0.021248 ms
Array 195 - Sorted data: 27 30 58 58 78 87 110 111 113 124 150 182 269 317 330 334 338 424 503 528 538 542 553 600 645 651 768 785 844 879 896 927 
Array 196 - Unsorted data: 301 634 420 571 483 561 324 171 65 418 286 627 889 550 374 200 54 916 49 473 839 51 713 865 522 152 561 278 377 334 160 31 
Kernel execution time: 0.020480 ms
Array 196 - Sorted data: 31 49 51 54 65 152 160 171 200 278 286 301 324 334 374 377 418 420 473 483 522 550 561 561 571 627 634 713 839 865 889 916 
Array 197 - Unsorted data: 854 435 25 145 87 0 932 934 340 724 984 155 595 137 247 89 204 733 140 326 338 428 816 793 135 146 569 868 814 734 601 668 
Kernel execution time: 0.020480 ms
Array 197 - Sorted data: 0 25 87 89 135 137 140 145 146 155 204 247 326 338 340 428 435 569 595 601 668 724 733 734 793 814 816 854 868 932 934 984 
Array 198 - Unsorted data: 931 338 68 580 625 114 594 763 501 363 149 350 52 587 209 144 285 947 728 453 914 647 386 164 708 610 121 276 78 880 864 9 
Kernel execution time: 0.020480 ms
Array 198 - Sorted data: 9 52 68 78 114 121 144 149 164 209 276 285 338 350 363 386 453 501 580 587 594 610 625 647 708 728 763 864 880 914 931 947 
Array 199 - Unsorted data: 126 638 692 973 753 101 192 239 74 33 654 222 526 394 749 528 189 200 38 573 560 515 365 145 495 893 198 354 31 267 938 509 
Kernel execution time: 0.019456 ms
Array 199 - Sorted data: 31 33 38 74 101 126 145 189 192 198 200 222 239 267 354 365 394 495 509 515 526 528 560 573 638 654 692 749 753 893 938 973 
